# Blender v2.83.3 OBJ File: 'untitled.blend'
# www.blender.org
mtllib missile launcher.mtl
o Cube_Cube.001
v -1.424395 -1.145254 0.626271
v 0.102223 1.152560 0.311063
v -1.598313 -1.151350 -0.260493
v -0.071695 1.146464 -0.575700
v -1.175657 -1.317040 0.578667
v 0.350960 0.980774 0.263460
v -1.349575 -1.323136 -0.308096
v 0.177043 0.974678 -0.623303
vt 0.375000 0.000000
vt 0.625000 0.000000
vt 0.625000 0.250000
vt 0.375000 0.250000
vt 0.625000 0.500000
vt 0.375000 0.500000
vt 0.625000 0.750000
vt 0.375000 0.750000
vt 0.625000 1.000000
vt 0.375000 1.000000
vt 0.125000 0.500000
vt 0.125000 0.750000
vt 0.875000 0.500000
vt 0.875000 0.750000
vn -0.8128 0.5614 0.1556
vn -0.1925 -0.0067 -0.9813
vn 0.8128 -0.5614 -0.1556
vn 0.1925 0.0067 0.9813
vn -0.5498 -0.8275 0.1135
vn 0.5498 0.8275 -0.1135
usemtl None
s off
f 1/1/1 2/2/1 4/3/1 3/4/1
f 3/4/2 4/3/2 8/5/2 7/6/2
f 7/6/3 8/5/3 6/7/3 5/8/3
f 5/8/4 6/7/4 2/9/4 1/10/4
f 3/11/5 7/6/5 5/8/5 1/12/5
f 8/5/6 4/13/6 2/14/6 6/7/6
o Cube.001_Cube.002
v -2.513031 -0.894621 0.802061
v -1.201180 -0.934939 0.489785
v -2.721606 -0.914701 -0.071554
v -1.409755 -0.955019 -0.383831
v -2.519342 -1.158640 0.809636
v -1.207491 -1.198958 0.497360
v -2.727917 -1.178720 -0.063979
v -1.416066 -1.219038 -0.376256
vt 0.375000 0.000000
vt 0.625000 0.000000
vt 0.625000 0.250000
vt 0.375000 0.250000
vt 0.625000 0.500000
vt 0.375000 0.500000
vt 0.625000 0.750000
vt 0.375000 0.750000
vt 0.625000 1.000000
vt 0.375000 1.000000
vt 0.125000 0.500000
vt 0.125000 0.750000
vt 0.875000 0.500000
vt 0.875000 0.750000
vn 0.0239 0.9993 -0.0287
vn -0.2322 -0.0224 -0.9724
vn -0.0239 -0.9993 0.0287
vn 0.2322 0.0224 0.9724
vn -0.9724 0.0299 0.2315
vn 0.9724 -0.0299 -0.2315
usemtl None
s off
f 9/15/7 10/16/7 12/17/7 11/18/7
f 11/18/8 12/17/8 16/19/8 15/20/8
f 15/20/9 16/19/9 14/21/9 13/22/9
f 13/22/10 14/21/10 10/23/10 9/24/10
f 11/25/11 15/20/11 13/22/11 9/26/11
f 16/19/12 12/27/12 10/28/12 14/21/12
o Cube.003_Cube.004
v -1.634590 -1.139101 -1.764767
v -0.158452 1.143834 -1.296190
v -1.344989 -1.145362 -2.646576
v 0.131149 1.137572 -2.177999
v -1.398175 -1.308148 -1.685925
v 0.077963 0.974786 -1.217347
v -1.108575 -1.314410 -2.567733
v 0.367563 0.968525 -2.099156
vt 0.375000 0.000000
vt 0.625000 0.000000
vt 0.625000 0.250000
vt 0.375000 0.250000
vt 0.625000 0.500000
vt 0.375000 0.500000
vt 0.625000 0.750000
vt 0.375000 0.750000
vt 0.625000 1.000000
vt 0.375000 1.000000
vt 0.125000 0.500000
vt 0.125000 0.750000
vt 0.875000 0.500000
vt 0.875000 0.750000
vn -0.7851 0.5614 -0.2618
vn 0.3120 -0.0067 -0.9501
vn 0.7851 -0.5614 0.2618
vn -0.3120 0.0067 0.9501
vn -0.5351 -0.8275 -0.1699
vn 0.5351 0.8275 0.1699
usemtl None
s off
f 17/29/13 18/30/13 20/31/13 19/32/13
f 19/32/14 20/31/14 24/33/14 23/34/14
f 23/34/15 24/33/15 22/35/15 21/36/15
f 21/36/16 22/35/16 18/37/16 17/38/16
f 19/39/17 23/34/17 21/36/17 17/40/17
f 24/33/18 20/41/18 18/42/18 22/35/18
o Cube.002_Cube.003
v -2.717820 -0.894631 -1.943801
v -1.429950 -0.934666 -1.577239
v -2.470262 -0.914896 -2.815780
v -1.182391 -0.954931 -2.449218
v -2.727033 -1.158728 -1.940279
v -1.439162 -1.198763 -1.573717
v -2.479474 -1.178993 -2.812258
v -1.191603 -1.219028 -2.445696
vt 0.375000 0.000000
vt 0.625000 0.000000
vt 0.625000 0.250000
vt 0.375000 0.250000
vt 0.625000 0.500000
vt 0.375000 0.500000
vt 0.625000 0.750000
vt 0.375000 0.750000
vt 0.625000 1.000000
vt 0.375000 1.000000
vt 0.125000 0.500000
vt 0.125000 0.750000
vt 0.875000 0.500000
vt 0.875000 0.750000
vn 0.0349 0.9993 -0.0133
vn 0.2730 -0.0224 -0.9617
vn -0.0349 -0.9993 0.0133
vn -0.2730 0.0224 0.9617
vn -0.9614 0.0299 -0.2736
vn 0.9614 -0.0299 0.2736
usemtl None
s off
f 25/43/19 26/44/19 28/45/19 27/46/19
f 27/46/20 28/45/20 32/47/20 31/48/20
f 31/48/21 32/47/21 30/49/21 29/50/21
f 29/50/22 30/49/22 26/51/22 25/52/22
f 27/53/23 31/48/23 29/50/23 25/54/23
f 32/47/24 28/55/24 26/56/24 30/49/24
o Cube.005_Cube.006
v 4.222169 -0.820057 -1.423726
v 2.860011 -0.961779 -1.334352
v 4.277266 -0.796895 -0.547276
v 2.915108 -0.938617 -0.457901
v 4.249956 -1.083836 -1.418502
v 2.887798 -1.225558 -1.329128
v 4.305053 -1.060675 -0.542052
v 2.942894 -1.202397 -0.452677
vt 0.375000 0.000000
vt 0.625000 0.000000
vt 0.625000 0.250000
vt 0.375000 0.250000
vt 0.625000 0.500000
vt 0.375000 0.500000
vt 0.625000 0.750000
vt 0.375000 0.750000
vt 0.625000 1.000000
vt 0.375000 1.000000
vt 0.125000 0.500000
vt 0.125000 0.750000
vt 0.875000 0.500000
vt 0.875000 0.750000
vn -0.1047 0.9943 -0.0197
vn 0.0627 0.0264 0.9977
vn 0.1047 -0.9943 0.0197
vn -0.0627 -0.0264 -0.9977
vn 0.9925 0.1033 -0.0651
vn -0.9925 -0.1033 0.0651
usemtl None
s off
f 33/57/25 34/58/25 36/59/25 35/60/25
f 35/60/26 36/59/26 40/61/26 39/62/26
f 39/62/27 40/61/27 38/63/27 37/64/27
f 37/64/28 38/63/28 34/65/28 33/66/28
f 35/67/29 39/62/29 37/64/29 33/68/29
f 40/61/30 36/69/30 34/70/30 38/63/30
o Cube.004_Cube.005
v 3.119758 -1.162169 -1.344070
v 1.353516 1.056501 -1.393306
v 3.138438 -1.127580 -0.455531
v 1.372196 1.091090 -0.504767
v 2.879860 -1.352871 -1.331602
v 1.113618 0.865799 -1.380839
v 2.898540 -1.318282 -0.443064
v 1.132298 0.900389 -0.492300
vt 0.375000 0.000000
vt 0.625000 0.000000
vt 0.625000 0.250000
vt 0.375000 0.250000
vt 0.625000 0.500000
vt 0.375000 0.500000
vt 0.625000 0.750000
vt 0.375000 0.750000
vt 0.625000 1.000000
vt 0.375000 1.000000
vt 0.125000 0.500000
vt 0.125000 0.750000
vt 0.875000 0.500000
vt 0.875000 0.750000
vn 0.7822 0.6218 -0.0406
vn 0.0210 0.0389 0.9990
vn -0.7822 -0.6218 0.0406
vn -0.0210 -0.0389 -0.9990
vn 0.6227 -0.7822 0.0174
vn -0.6227 0.7822 -0.0174
usemtl None
s off
f 41/71/31 42/72/31 44/73/31 43/74/31
f 43/74/32 44/73/32 48/75/32 47/76/32
f 47/76/33 48/75/33 46/77/33 45/78/33
f 45/78/34 46/77/34 42/79/34 41/80/34
f 43/81/35 47/76/35 45/78/35 41/82/35
f 48/75/36 44/83/36 42/84/36 46/77/36
o Cube.006_Cube.007
v 1.581861 1.110158 0.304610
v 1.498727 1.101015 -2.204892
v 0.036413 1.072494 0.355945
v -0.046722 1.063351 -2.153558
v 1.588326 0.845918 0.305359
v 1.505191 0.836775 -2.204144
v 0.042877 0.808253 0.356693
v -0.040257 0.799110 -2.152809
vt 0.375000 0.000000
vt 0.625000 0.000000
vt 0.625000 0.250000
vt 0.375000 0.250000
vt 0.625000 0.500000
vt 0.375000 0.500000
vt 0.625000 0.750000
vt 0.375000 0.750000
vt 0.625000 1.000000
vt 0.375000 1.000000
vt 0.125000 0.500000
vt 0.125000 0.750000
vt 0.875000 0.500000
vt 0.875000 0.750000
vn -0.0245 0.9997 -0.0028
vn -0.9992 -0.0244 0.0332
vn 0.0245 -0.9997 0.0028
vn 0.9992 0.0244 -0.0332
vn 0.0331 0.0036 0.9994
vn -0.0331 -0.0036 -0.9994
usemtl None
s off
f 49/85/37 50/86/37 52/87/37 51/88/37
f 51/88/38 52/87/38 56/89/38 55/90/38
f 55/90/39 56/89/39 54/91/39 53/92/39
f 53/92/40 54/91/40 50/93/40 49/94/40
f 51/95/41 55/90/41 53/92/41 49/96/41
f 56/89/42 52/97/42 50/98/42 54/91/42
o Cube.007_Cube.008
v -4.130297 3.411705 -1.979079
v -0.452705 3.533807 -2.035279
v -4.174538 4.742590 -1.982620
v -0.496946 4.864692 -2.038821
v -4.133476 3.411042 -2.188565
v -0.455884 3.533144 -2.244765
v -4.177718 4.741927 -2.192106
v -0.500126 4.864029 -2.248306
vt 0.375000 0.000000
vt 0.625000 0.000000
vt 0.625000 0.250000
vt 0.375000 0.250000
vt 0.625000 0.500000
vt 0.375000 0.500000
vt 0.625000 0.750000
vt 0.375000 0.750000
vt 0.625000 1.000000
vt 0.375000 1.000000
vt 0.125000 0.500000
vt 0.125000 0.750000
vt 0.875000 0.500000
vt 0.875000 0.750000
vn 0.0152 0.0032 0.9999
vn -0.0332 0.9994 -0.0027
vn -0.0152 -0.0032 -0.9999
vn 0.0332 -0.9994 0.0027
vn -0.9993 -0.0332 0.0153
vn 0.9993 0.0332 -0.0153
usemtl None
s off
f 57/99/43 58/100/43 60/101/43 59/102/43
f 59/102/44 60/101/44 64/103/44 63/104/44
f 63/104/45 64/103/45 62/105/45 61/106/45
f 61/106/46 62/105/46 58/107/46 57/108/46
f 59/109/47 63/104/47 61/106/47 57/110/47
f 64/103/48 60/111/48 58/112/48 62/105/48
o Cube.008_Cube.009
v -4.130297 3.411705 0.395905
v -0.452705 3.533807 0.339705
v -4.174538 4.742590 0.392364
v -0.496946 4.864692 0.336164
v -4.133476 3.411042 0.186420
v -0.455884 3.533144 0.130220
v -4.177718 4.741927 0.182878
v -0.500126 4.864029 0.126678
vt 0.375000 0.000000
vt 0.625000 0.000000
vt 0.625000 0.250000
vt 0.375000 0.250000
vt 0.625000 0.500000
vt 0.375000 0.500000
vt 0.625000 0.750000
vt 0.375000 0.750000
vt 0.625000 1.000000
vt 0.375000 1.000000
vt 0.125000 0.500000
vt 0.125000 0.750000
vt 0.875000 0.500000
vt 0.875000 0.750000
vn 0.0152 0.0032 0.9999
vn -0.0332 0.9994 -0.0027
vn -0.0152 -0.0032 -0.9999
vn 0.0332 -0.9994 0.0027
vn -0.9993 -0.0332 0.0153
vn 0.9993 0.0332 -0.0153
usemtl None
s off
f 65/113/49 66/114/49 68/115/49 67/116/49
f 67/116/50 68/115/50 72/117/50 71/118/50
f 71/118/51 72/117/51 70/119/51 69/120/51
f 69/120/52 70/119/52 66/121/52 65/122/52
f 67/123/53 71/118/53 69/120/53 65/124/53
f 72/117/54 68/125/54 66/126/54 70/119/54
o Cube.009_Cube.010
v -0.714410 4.697736 0.322545
v -0.764152 4.695699 -2.187041
v -1.711027 3.565956 0.343217
v -1.760769 3.563919 -2.166368
v -0.485407 4.496002 0.318170
v -0.535148 4.493965 -2.191416
v -1.482024 3.364221 0.338842
v -1.531766 3.362184 -2.170744
vt 0.375000 0.000000
vt 0.625000 0.000000
vt 0.625000 0.250000
vt 0.375000 0.250000
vt 0.625000 0.500000
vt 0.375000 0.500000
vt 0.625000 0.750000
vt 0.375000 0.750000
vt 0.625000 1.000000
vt 0.375000 1.000000
vt 0.125000 0.500000
vt 0.125000 0.750000
vt 0.875000 0.500000
vt 0.875000 0.750000
vn -0.7503 0.6610 0.0143
vn -0.6608 -0.7504 0.0137
vn 0.7503 -0.6610 -0.0143
vn 0.6608 0.7504 -0.0137
vn 0.0198 0.0008 0.9998
vn -0.0198 -0.0008 -0.9998
usemtl None
s off
f 73/127/55 74/128/55 76/129/55 75/130/55
f 75/130/56 76/129/56 80/131/56 79/132/56
f 79/132/57 80/131/57 78/133/57 77/134/57
f 77/134/58 78/133/58 74/135/58 73/136/58
f 75/137/59 79/132/59 77/134/59 73/138/59
f 80/131/60 76/139/60 74/140/60 78/133/60
o Cube.010_Cube.011
v -3.932585 4.697770 -2.174209
v -3.905406 4.695733 0.335407
v -2.935772 3.565933 -2.185923
v -2.908594 3.563896 0.323693
v -4.161631 4.496024 -2.171892
v -4.134452 4.493987 0.337724
v -3.164818 3.364187 -2.183606
v -3.137640 3.362151 0.326010
vt 0.375000 0.000000
vt 0.625000 0.000000
vt 0.625000 0.250000
vt 0.375000 0.250000
vt 0.625000 0.500000
vt 0.375000 0.500000
vt 0.625000 0.750000
vt 0.375000 0.750000
vt 0.625000 1.000000
vt 0.375000 1.000000
vt 0.125000 0.500000
vt 0.125000 0.750000
vt 0.875000 0.500000
vt 0.875000 0.750000
vn 0.7504 0.6610 -0.0076
vn 0.6609 -0.7504 -0.0078
vn -0.7504 -0.6610 0.0076
vn -0.6609 0.7504 0.0078
vn -0.0108 0.0008 -0.9999
vn 0.0108 -0.0008 0.9999
usemtl None
s off
f 81/141/61 82/142/61 84/143/61 83/144/61
f 83/144/62 84/143/62 88/145/62 87/146/62
f 87/146/63 88/145/63 86/147/63 85/148/63
f 85/148/64 86/147/64 82/149/64 81/150/64
f 83/151/65 87/146/65 85/148/65 81/152/65
f 88/145/66 84/153/66 82/154/66 86/147/66
o Cube.011_Cube.012
v -8.452583 5.090439 3.015388
v 3.854396 4.933714 2.888663
v -8.481815 5.108711 0.153921
v 3.825164 4.951986 0.027197
v -8.455586 4.855843 3.013920
v 3.851393 4.699118 2.887196
v -8.484818 4.874115 0.152454
v 3.822161 4.717390 0.025729
vt 0.375000 0.000000
vt 0.625000 0.000000
vt 0.625000 0.250000
vt 0.375000 0.250000
vt 0.625000 0.500000
vt 0.375000 0.500000
vt 0.625000 0.750000
vt 0.375000 0.750000
vt 0.625000 1.000000
vt 0.375000 1.000000
vt 0.125000 0.500000
vt 0.125000 0.750000
vt 0.875000 0.500000
vt 0.875000 0.750000
vn 0.0128 0.9999 0.0063
vn -0.0102 0.0064 -0.9999
vn -0.0128 -0.9999 -0.0063
vn 0.0102 -0.0064 0.9999
vn -0.9999 0.0127 0.0103
vn 0.9999 -0.0127 -0.0103
usemtl None
s off
f 89/155/67 90/156/67 92/157/67 91/158/67
f 91/158/68 92/157/68 96/159/68 95/160/68
f 95/160/69 96/159/69 94/161/69 93/162/69
f 93/162/70 94/161/70 90/163/70 89/164/70
f 91/165/71 95/160/71 93/162/71 89/166/71
f 96/159/72 92/167/72 90/168/72 94/161/72
o Cube.012_Cube.013
v 0.395605 0.968184 -1.337283
v -1.995627 3.971938 -1.403942
v 0.414304 1.002809 -0.447830
v -1.976928 4.006562 -0.514489
v 0.099236 0.732592 -1.321881
v -2.291996 3.736345 -1.388540
v 0.117935 0.767217 -0.432428
v -2.273297 3.770970 -0.499087
vt 0.375000 0.000000
vt 0.625000 0.000000
vt 0.625000 0.250000
vt 0.375000 0.250000
vt 0.625000 0.500000
vt 0.375000 0.500000
vt 0.625000 0.750000
vt 0.375000 0.750000
vt 0.625000 1.000000
vt 0.375000 1.000000
vt 0.125000 0.500000
vt 0.125000 0.750000
vt 0.875000 0.500000
vt 0.875000 0.750000
vn 0.7822 0.6218 -0.0406
vn 0.0210 0.0389 0.9990
vn -0.7822 -0.6218 0.0406
vn -0.0210 -0.0389 -0.9990
vn 0.6227 -0.7822 0.0174
vn -0.6227 0.7822 -0.0174
usemtl None
s off
f 97/169/73 98/170/73 100/171/73 99/172/73
f 99/172/74 100/171/74 104/173/74 103/174/74
f 103/174/75 104/173/75 102/175/75 101/176/75
f 101/176/76 102/175/76 98/177/76 97/178/76
f 99/179/77 103/174/77 101/176/77 97/180/77
f 104/173/78 100/181/78 98/182/78 102/175/78
o Cube.013_Cube.014
v -1.404355 3.810086 0.304610
v -1.487489 3.800942 -2.204892
v -2.949803 3.772421 0.355945
v -3.032937 3.763278 -2.153558
v -1.397890 3.545845 0.305359
v -1.481024 3.536702 -2.204144
v -2.943338 3.508181 0.356693
v -3.026473 3.499038 -2.152809
vt 0.375000 0.000000
vt 0.625000 0.000000
vt 0.625000 0.250000
vt 0.375000 0.250000
vt 0.625000 0.500000
vt 0.375000 0.500000
vt 0.625000 0.750000
vt 0.375000 0.750000
vt 0.625000 1.000000
vt 0.375000 1.000000
vt 0.125000 0.500000
vt 0.125000 0.750000
vt 0.875000 0.500000
vt 0.875000 0.750000
vn -0.0245 0.9997 -0.0028
vn -0.9992 -0.0244 0.0332
vn 0.0245 -0.9997 0.0028
vn 0.9992 0.0244 -0.0332
vn 0.0331 0.0036 0.9994
vn -0.0331 -0.0036 -0.9994
usemtl None
s off
f 105/183/79 106/184/79 108/185/79 107/186/79
f 107/186/80 108/185/80 112/187/80 111/188/80
f 111/188/81 112/187/81 110/189/81 109/190/81
f 109/190/82 110/189/82 106/191/82 105/192/82
f 107/193/83 111/188/83 109/190/83 105/194/83
f 112/187/84 108/195/84 106/196/84 110/189/84
o Cube.014_Cube.015
v -8.448929 8.460179 1.363823
v 3.857760 8.333199 1.520342
v -8.485802 4.850734 1.334796
v 3.820887 4.723753 1.491315
v -8.451309 8.458708 1.549802
v 3.855380 8.331728 1.706321
v -8.488182 4.849263 1.520775
v 3.818507 4.722282 1.677294
vt 0.375000 0.000000
vt 0.625000 0.000000
vt 0.625000 0.250000
vt 0.375000 0.250000
vt 0.625000 0.500000
vt 0.375000 0.500000
vt 0.625000 0.750000
vt 0.375000 0.750000
vt 0.625000 1.000000
vt 0.375000 1.000000
vt 0.125000 0.500000
vt 0.125000 0.750000
vt 0.875000 0.500000
vt 0.875000 0.750000
vn 0.0128 0.0079 -0.9999
vn -0.0102 -0.9999 -0.0080
vn -0.0128 -0.0079 0.9999
vn 0.0102 0.9999 0.0080
vn -0.9999 0.0103 -0.0127
vn 0.9999 -0.0103 0.0127
usemtl None
s off
f 113/197/85 114/198/85 116/199/85 115/200/85
f 115/200/86 116/199/86 120/201/86 119/202/86
f 119/202/87 120/201/87 118/203/87 117/204/87
f 117/204/88 118/203/88 114/205/88 113/206/88
f 115/207/89 119/202/89 117/204/89 113/208/89
f 120/201/90 116/209/90 114/210/90 118/203/90
o Cube.015_Cube.016
v -8.480692 6.372465 0.150780
v 3.826394 6.531898 0.032450
v -8.453744 6.415993 3.012206
v 3.853342 6.575426 2.893876
v -8.483765 6.607036 0.147241
v 3.823322 6.766469 0.028911
v -8.456817 6.650564 3.008667
v 3.850270 6.809997 2.890337
vt 0.375000 0.000000
vt 0.625000 0.000000
vt 0.625000 0.250000
vt 0.375000 0.250000
vt 0.625000 0.500000
vt 0.375000 0.500000
vt 0.625000 0.750000
vt 0.375000 0.750000
vt 0.625000 1.000000
vt 0.375000 1.000000
vt 0.125000 0.500000
vt 0.125000 0.750000
vt 0.875000 0.500000
vt 0.875000 0.750000
vn 0.0131 -0.9998 0.0151
vn 0.0094 0.0152 0.9998
vn -0.0131 0.9998 -0.0151
vn -0.0094 -0.0152 -0.9998
vn -0.9999 -0.0130 0.0096
vn 0.9999 0.0130 -0.0096
usemtl None
s off
f 121/211/91 122/212/91 124/213/91 123/214/91
f 123/214/92 124/213/92 128/215/92 127/216/92
f 127/216/93 128/215/93 126/217/93 125/218/93
f 125/218/94 126/217/94 122/219/94 121/220/94
f 123/221/95 127/216/95 125/218/95 121/222/95
f 128/215/96 124/223/96 122/224/96 126/217/96
o Cube.016_Cube.018
v -8.450739 8.460181 2.897025
v 3.855103 8.333204 2.704411
v -8.488421 4.850729 2.869056
v 3.817421 4.723752 2.676442
v -8.447844 8.458710 3.083003
v 3.857999 8.331733 2.890389
v -8.485525 4.849257 3.055034
v 3.820317 4.722281 2.862420
vt 0.375000 0.000000
vt 0.625000 0.000000
vt 0.625000 0.250000
vt 0.375000 0.250000
vt 0.625000 0.500000
vt 0.375000 0.500000
vt 0.625000 0.750000
vt 0.375000 0.750000
vt 0.625000 1.000000
vt 0.375000 1.000000
vt 0.125000 0.500000
vt 0.125000 0.750000
vt 0.875000 0.500000
vt 0.875000 0.750000
vn -0.0156 0.0079 -0.9998
vn -0.0104 -0.9999 -0.0077
vn 0.0156 -0.0079 0.9998
vn 0.0104 0.9999 0.0077
vn -0.9998 0.0103 0.0156
vn 0.9998 -0.0103 -0.0156
usemtl None
s off
f 129/225/97 130/226/97 132/227/97 131/228/97
f 131/228/98 132/227/98 136/229/98 135/230/98
f 135/230/99 136/229/99 134/231/99 133/232/99
f 133/232/100 134/231/100 130/233/100 129/234/100
f 131/235/101 135/230/101 133/232/101 129/236/101
f 136/229/102 132/237/102 130/238/102 134/231/102
o Cube.017_Cube.019
v -8.448929 8.460179 -0.010983
v 3.857760 8.333199 0.145536
v -8.485802 4.850734 -0.040009
v 3.820887 4.723753 0.116510
v -8.451309 8.458708 0.174996
v 3.855380 8.331728 0.331515
v -8.488182 4.849263 0.145969
v 3.818507 4.722282 0.302488
vt 0.375000 0.000000
vt 0.625000 0.000000
vt 0.625000 0.250000
vt 0.375000 0.250000
vt 0.625000 0.500000
vt 0.375000 0.500000
vt 0.625000 0.750000
vt 0.375000 0.750000
vt 0.625000 1.000000
vt 0.375000 1.000000
vt 0.125000 0.500000
vt 0.125000 0.750000
vt 0.875000 0.500000
vt 0.875000 0.750000
vn 0.0128 0.0079 -0.9999
vn -0.0102 -0.9999 -0.0080
vn -0.0128 -0.0079 0.9999
vn 0.0102 0.9999 0.0080
vn -0.9999 0.0103 -0.0127
vn 0.9999 -0.0103 0.0127
usemtl None
s off
f 137/239/103 138/240/103 140/241/103 139/242/103
f 139/242/104 140/241/104 144/243/104 143/244/104
f 143/244/105 144/243/105 142/245/105 141/246/105
f 141/246/106 142/245/106 138/247/106 137/248/106
f 139/249/107 143/244/107 141/246/107 137/250/107
f 144/243/108 140/251/108 138/252/108 142/245/108
o Cube.018_Cube.020
v -8.452583 8.504258 3.015388
v 3.854396 8.347533 2.888663
v -8.481815 8.522531 0.153921
v 3.825164 8.365806 0.027197
v -8.455586 8.269662 3.013920
v 3.851393 8.112937 2.887196
v -8.484818 8.287934 0.152454
v 3.822161 8.131209 0.025729
vt 0.375000 0.000000
vt 0.625000 0.000000
vt 0.625000 0.250000
vt 0.375000 0.250000
vt 0.625000 0.500000
vt 0.375000 0.500000
vt 0.625000 0.750000
vt 0.375000 0.750000
vt 0.625000 1.000000
vt 0.375000 1.000000
vt 0.125000 0.500000
vt 0.125000 0.750000
vt 0.875000 0.500000
vt 0.875000 0.750000
vn 0.0128 0.9999 0.0063
vn -0.0102 0.0064 -0.9999
vn -0.0128 -0.9999 -0.0063
vn 0.0102 -0.0064 0.9999
vn -0.9999 0.0127 0.0103
vn 0.9999 -0.0127 -0.0103
usemtl None
s off
f 145/253/109 146/254/109 148/255/109 147/256/109
f 147/256/110 148/255/110 152/257/110 151/258/110
f 151/258/111 152/257/111 150/259/111 149/260/111
f 149/260/112 150/259/112 146/261/112 145/262/112
f 147/263/113 151/258/113 149/260/113 145/264/113
f 152/257/114 148/265/114 146/266/114 150/259/114
o Cube.024_Cube.026
v -8.452583 5.090439 -1.842534
v 3.854396 4.933714 -1.969258
v -8.481815 5.108711 -4.704000
v 3.825164 4.951986 -4.830725
v -8.455586 4.855843 -1.844001
v 3.851393 4.699118 -1.970726
v -8.484818 4.874115 -4.705467
v 3.822161 4.717390 -4.832192
vt 0.375000 0.000000
vt 0.625000 0.000000
vt 0.625000 0.250000
vt 0.375000 0.250000
vt 0.625000 0.500000
vt 0.375000 0.500000
vt 0.625000 0.750000
vt 0.375000 0.750000
vt 0.625000 1.000000
vt 0.375000 1.000000
vt 0.125000 0.500000
vt 0.125000 0.750000
vt 0.875000 0.500000
vt 0.875000 0.750000
vn 0.0128 0.9999 0.0063
vn -0.0102 0.0064 -0.9999
vn -0.0128 -0.9999 -0.0063
vn 0.0102 -0.0064 0.9999
vn -0.9999 0.0127 0.0103
vn 0.9999 -0.0127 -0.0103
usemtl None
s off
f 153/267/115 154/268/115 156/269/115 155/270/115
f 155/270/116 156/269/116 160/271/116 159/272/116
f 159/272/117 160/271/117 158/273/117 157/274/117
f 157/274/118 158/273/118 154/275/118 153/276/118
f 155/277/119 159/272/119 157/274/119 153/278/119
f 160/271/120 156/279/120 154/280/120 158/273/120
o Cube.023_Cube.025
v -8.448929 8.460179 -3.494098
v 3.857760 8.333199 -3.337579
v -8.485802 4.850734 -3.523125
v 3.820887 4.723753 -3.366606
v -8.451309 8.458708 -3.308120
v 3.855380 8.331728 -3.151601
v -8.488182 4.849263 -3.337146
v 3.818507 4.722282 -3.180627
vt 0.375000 0.000000
vt 0.625000 0.000000
vt 0.625000 0.250000
vt 0.375000 0.250000
vt 0.625000 0.500000
vt 0.375000 0.500000
vt 0.625000 0.750000
vt 0.375000 0.750000
vt 0.625000 1.000000
vt 0.375000 1.000000
vt 0.125000 0.500000
vt 0.125000 0.750000
vt 0.875000 0.500000
vt 0.875000 0.750000
vn 0.0128 0.0079 -0.9999
vn -0.0102 -0.9999 -0.0080
vn -0.0128 -0.0079 0.9999
vn 0.0102 0.9999 0.0080
vn -0.9999 0.0103 -0.0127
vn 0.9999 -0.0103 0.0127
usemtl None
s off
f 161/281/121 162/282/121 164/283/121 163/284/121
f 163/284/122 164/283/122 168/285/122 167/286/122
f 167/286/123 168/285/123 166/287/123 165/288/123
f 165/288/124 166/287/124 162/289/124 161/290/124
f 163/291/125 167/286/125 165/288/125 161/292/125
f 168/285/126 164/293/126 162/294/126 166/287/126
o Cube.022_Cube.024
v -8.480692 6.372465 -4.707141
v 3.826394 6.531898 -4.825471
v -8.453744 6.415993 -1.845715
v 3.853342 6.575426 -1.964045
v -8.483765 6.607036 -4.710680
v 3.823322 6.766469 -4.829010
v -8.456817 6.650564 -1.849254
v 3.850270 6.809997 -1.967584
vt 0.375000 0.000000
vt 0.625000 0.000000
vt 0.625000 0.250000
vt 0.375000 0.250000
vt 0.625000 0.500000
vt 0.375000 0.500000
vt 0.625000 0.750000
vt 0.375000 0.750000
vt 0.625000 1.000000
vt 0.375000 1.000000
vt 0.125000 0.500000
vt 0.125000 0.750000
vt 0.875000 0.500000
vt 0.875000 0.750000
vn 0.0131 -0.9998 0.0151
vn 0.0094 0.0152 0.9998
vn -0.0131 0.9998 -0.0151
vn -0.0094 -0.0152 -0.9998
vn -0.9999 -0.0130 0.0096
vn 0.9999 0.0130 -0.0096
usemtl None
s off
f 169/295/127 170/296/127 172/297/127 171/298/127
f 171/298/128 172/297/128 176/299/128 175/300/128
f 175/300/129 176/299/129 174/301/129 173/302/129
f 173/302/130 174/301/130 170/303/130 169/304/130
f 171/305/131 175/300/131 173/302/131 169/306/131
f 176/299/132 172/307/132 170/308/132 174/301/132
o Cube.021_Cube.023
v -8.450739 8.460181 -1.960896
v 3.855103 8.333204 -2.153510
v -8.488421 4.850729 -1.988865
v 3.817421 4.723752 -2.181479
v -8.447844 8.458710 -1.774918
v 3.857999 8.331733 -1.967532
v -8.485525 4.849257 -1.802887
v 3.820317 4.722281 -1.995501
vt 0.375000 0.000000
vt 0.625000 0.000000
vt 0.625000 0.250000
vt 0.375000 0.250000
vt 0.625000 0.500000
vt 0.375000 0.500000
vt 0.625000 0.750000
vt 0.375000 0.750000
vt 0.625000 1.000000
vt 0.375000 1.000000
vt 0.125000 0.500000
vt 0.125000 0.750000
vt 0.875000 0.500000
vt 0.875000 0.750000
vn -0.0156 0.0079 -0.9998
vn -0.0104 -0.9999 -0.0077
vn 0.0156 -0.0079 0.9998
vn 0.0104 0.9999 0.0077
vn -0.9998 0.0103 0.0156
vn 0.9998 -0.0103 -0.0156
usemtl None
s off
f 177/309/133 178/310/133 180/311/133 179/312/133
f 179/312/134 180/311/134 184/313/134 183/314/134
f 183/314/135 184/313/135 182/315/135 181/316/135
f 181/316/136 182/315/136 178/317/136 177/318/136
f 179/319/137 183/314/137 181/316/137 177/320/137
f 184/313/138 180/321/138 178/322/138 182/315/138
o Cube.020_Cube.022
v -8.448929 8.460179 -4.868904
v 3.857760 8.333199 -4.712385
v -8.485802 4.850734 -4.897931
v 3.820887 4.723753 -4.741412
v -8.451309 8.458708 -4.682925
v 3.855380 8.331728 -4.526406
v -8.488182 4.849263 -4.711952
v 3.818507 4.722282 -4.555433
vt 0.375000 0.000000
vt 0.625000 0.000000
vt 0.625000 0.250000
vt 0.375000 0.250000
vt 0.625000 0.500000
vt 0.375000 0.500000
vt 0.625000 0.750000
vt 0.375000 0.750000
vt 0.625000 1.000000
vt 0.375000 1.000000
vt 0.125000 0.500000
vt 0.125000 0.750000
vt 0.875000 0.500000
vt 0.875000 0.750000
vn 0.0128 0.0079 -0.9999
vn -0.0102 -0.9999 -0.0080
vn -0.0128 -0.0079 0.9999
vn 0.0102 0.9999 0.0080
vn -0.9999 0.0103 -0.0127
vn 0.9999 -0.0103 0.0127
usemtl None
s off
f 185/323/139 186/324/139 188/325/139 187/326/139
f 187/326/140 188/325/140 192/327/140 191/328/140
f 191/328/141 192/327/141 190/329/141 189/330/141
f 189/330/142 190/329/142 186/331/142 185/332/142
f 187/333/143 191/328/143 189/330/143 185/334/143
f 192/327/144 188/335/144 186/336/144 190/329/144
o Cube.019_Cube.021
v -8.452583 8.504258 -1.842534
v 3.854396 8.347533 -1.969258
v -8.481815 8.522531 -4.704000
v 3.825164 8.365806 -4.830725
v -8.455586 8.269662 -1.844001
v 3.851393 8.112937 -1.970726
v -8.484818 8.287934 -4.705467
v 3.822161 8.131209 -4.832192
vt 0.375000 0.000000
vt 0.625000 0.000000
vt 0.625000 0.250000
vt 0.375000 0.250000
vt 0.625000 0.500000
vt 0.375000 0.500000
vt 0.625000 0.750000
vt 0.375000 0.750000
vt 0.625000 1.000000
vt 0.375000 1.000000
vt 0.125000 0.500000
vt 0.125000 0.750000
vt 0.875000 0.500000
vt 0.875000 0.750000
vn 0.0128 0.9999 0.0063
vn -0.0102 0.0064 -0.9999
vn -0.0128 -0.9999 -0.0063
vn 0.0102 -0.0064 0.9999
vn -0.9999 0.0127 0.0103
vn 0.9999 -0.0127 -0.0103
usemtl None
s off
f 193/337/145 194/338/145 196/339/145 195/340/145
f 195/340/146 196/339/146 200/341/146 199/342/146
f 199/342/147 200/341/147 198/343/147 197/344/147
f 197/344/148 198/343/148 194/345/148 193/346/148
f 195/347/149 199/342/149 197/344/149 193/348/149
f 200/341/150 196/349/150 194/350/150 198/343/150
