# Blender v2.83.3 OBJ File: 'untitled.blend'
# www.blender.org
mtllib untitled.mtl
o Cube_Cube.001
v -1.424395 -1.145254 0.626271
v 0.102223 1.152560 0.311063
v -0.071695 1.146464 -0.575700
v -1.598313 -1.151350 -0.260493
v 0.177043 0.974678 -0.623303
v -1.349575 -1.323136 -0.308096
v 0.350960 0.980774 0.263460
v -1.175657 -1.317040 0.578667
vt 0.375000 0.000000
vt 0.625000 0.000000
vt 0.625000 0.250000
vt 0.375000 0.250000
vt 0.625000 0.500000
vt 0.375000 0.500000
vt 0.625000 0.750000
vt 0.375000 0.750000
vt 0.625000 1.000000
vt 0.375000 1.000000
vt 0.125000 0.500000
vt 0.125000 0.750000
vt 0.875000 0.500000
vt 0.875000 0.750000
vn -0.8128 0.5614 0.1556
vn -0.1925 -0.0067 -0.9813
vn 0.8128 -0.5614 -0.1556
vn 0.1925 0.0067 0.9813
vn -0.5498 -0.8275 0.1135
vn 0.5498 0.8275 -0.1135
g Cube_Cube.001_Cube_Cube.001_Material.003
usemtl Material.003
s 1
f 1/1/1 2/2/1 3/3/1 4/4/1
f 4/4/2 3/3/2 5/5/2 6/6/2
f 6/6/3 5/5/3 7/7/3 8/8/3
f 8/8/4 7/7/4 2/9/4 1/10/4
f 4/11/5 6/6/5 8/8/5 1/12/5
f 5/5/6 3/13/6 2/14/6 7/7/6
o Cube.001_Cube.002
v -2.513031 -0.894621 0.802061
v -1.201180 -0.934939 0.489785
v -1.409755 -0.955019 -0.383831
v -2.721606 -0.914701 -0.071554
v -1.416066 -1.219038 -0.376256
v -2.727917 -1.178720 -0.063979
v -1.207491 -1.198958 0.497360
v -2.519342 -1.158640 0.809636
vt 0.375000 0.000000
vt 0.625000 0.000000
vt 0.625000 0.250000
vt 0.375000 0.250000
vt 0.625000 0.500000
vt 0.375000 0.500000
vt 0.625000 0.750000
vt 0.375000 0.750000
vt 0.625000 1.000000
vt 0.375000 1.000000
vt 0.125000 0.500000
vt 0.125000 0.750000
vt 0.875000 0.500000
vt 0.875000 0.750000
vn 0.0239 0.9993 -0.0287
vn -0.2322 -0.0223 -0.9724
vn -0.0239 -0.9993 0.0287
vn 0.2322 0.0223 0.9724
vn -0.9724 0.0299 0.2315
vn 0.9724 -0.0299 -0.2315
g Cube.001_Cube.002_Cube.001_Cube.002_Material.003
usemtl Material.003
s 1
f 9/15/7 10/16/7 11/17/7 12/18/7
f 12/18/8 11/17/8 13/19/8 14/20/8
f 14/20/9 13/19/9 15/21/9 16/22/9
f 16/22/10 15/21/10 10/23/10 9/24/10
f 12/25/11 14/20/11 16/22/11 9/26/11
f 13/19/12 11/27/12 10/28/12 15/21/12
o Cube.003_Cube.004
v -1.634590 -1.139101 -1.764767
v -0.158452 1.143834 -1.296190
v 0.131149 1.137572 -2.177999
v -1.344989 -1.145362 -2.646576
v 0.367563 0.968525 -2.099156
v -1.108575 -1.314409 -2.567733
v 0.077963 0.974786 -1.217347
v -1.398175 -1.308148 -1.685925
vt 0.375000 0.000000
vt 0.625000 0.000000
vt 0.625000 0.250000
vt 0.375000 0.250000
vt 0.625000 0.500000
vt 0.375000 0.500000
vt 0.625000 0.750000
vt 0.375000 0.750000
vt 0.625000 1.000000
vt 0.375000 1.000000
vt 0.125000 0.500000
vt 0.125000 0.750000
vt 0.875000 0.500000
vt 0.875000 0.750000
vn -0.7851 0.5614 -0.2618
vn 0.3120 -0.0067 -0.9501
vn 0.7851 -0.5614 0.2618
vn -0.3120 0.0067 0.9501
vn -0.5351 -0.8275 -0.1699
vn 0.5351 0.8275 0.1699
g Cube.003_Cube.004_Cube.003_Cube.004_Material.003
usemtl Material.003
s 1
f 17/29/13 18/30/13 19/31/13 20/32/13
f 20/32/14 19/31/14 21/33/14 22/34/14
f 22/34/15 21/33/15 23/35/15 24/36/15
f 24/36/16 23/35/16 18/37/16 17/38/16
f 20/39/17 22/34/17 24/36/17 17/40/17
f 21/33/18 19/41/18 18/42/18 23/35/18
o Cube.002_Cube.003
v -2.717820 -0.894631 -1.943801
v -1.429950 -0.934666 -1.577239
v -1.182391 -0.954931 -2.449218
v -2.470262 -0.914896 -2.815780
v -1.191603 -1.219028 -2.445696
v -2.479474 -1.178993 -2.812258
v -1.439162 -1.198763 -1.573717
v -2.727033 -1.158728 -1.940279
vt 0.375000 0.000000
vt 0.625000 0.000000
vt 0.625000 0.250000
vt 0.375000 0.250000
vt 0.625000 0.500000
vt 0.375000 0.500000
vt 0.625000 0.750000
vt 0.375000 0.750000
vt 0.625000 1.000000
vt 0.375000 1.000000
vt 0.125000 0.500000
vt 0.125000 0.750000
vt 0.875000 0.500000
vt 0.875000 0.750000
vn 0.0349 0.9993 -0.0133
vn 0.2730 -0.0223 -0.9617
vn -0.0349 -0.9993 0.0133
vn -0.2730 0.0224 0.9617
vn -0.9614 0.0299 -0.2736
vn 0.9614 -0.0299 0.2736
g Cube.002_Cube.003_Cube.002_Cube.003_Material.003
usemtl Material.003
s 1
f 25/43/19 26/44/19 27/45/19 28/46/19
f 28/46/20 27/45/20 29/47/20 30/48/20
f 30/48/21 29/47/21 31/49/21 32/50/21
f 32/50/22 31/49/22 26/51/22 25/52/22
f 28/53/23 30/48/23 32/50/23 25/54/23
f 29/47/24 27/55/24 26/56/24 31/49/24
o Cube.005_Cube.006
v 4.222169 -0.820057 -1.423726
v 2.860011 -0.961779 -1.334352
v 2.915108 -0.938617 -0.457901
v 4.277266 -0.796895 -0.547276
v 2.942894 -1.202397 -0.452677
v 4.305053 -1.060675 -0.542052
v 2.887798 -1.225558 -1.329128
v 4.249956 -1.083836 -1.418502
vt 0.375000 0.000000
vt 0.625000 0.000000
vt 0.625000 0.250000
vt 0.375000 0.250000
vt 0.625000 0.500000
vt 0.375000 0.500000
vt 0.625000 0.750000
vt 0.375000 0.750000
vt 0.625000 1.000000
vt 0.375000 1.000000
vt 0.125000 0.500000
vt 0.125000 0.750000
vt 0.875000 0.500000
vt 0.875000 0.750000
vn -0.1047 0.9943 -0.0197
vn 0.0627 0.0264 0.9977
vn 0.1047 -0.9943 0.0197
vn -0.0627 -0.0264 -0.9977
vn 0.9925 0.1033 -0.0651
vn -0.9925 -0.1033 0.0651
g Cube.005_Cube.006_Cube.005_Cube.006_Material.003
usemtl Material.003
s 1
f 33/57/25 34/58/25 35/59/25 36/60/25
f 36/60/26 35/59/26 37/61/26 38/62/26
f 38/62/27 37/61/27 39/63/27 40/64/27
f 40/64/28 39/63/28 34/65/28 33/66/28
f 36/67/29 38/62/29 40/64/29 33/68/29
f 37/61/30 35/69/30 34/70/30 39/63/30
o Cube.004_Cube.005
v 3.119758 -1.162169 -1.344070
v 1.353516 1.056501 -1.393306
v 1.372196 1.091090 -0.504767
v 3.138438 -1.127580 -0.455531
v 1.132298 0.900389 -0.492300
v 2.898540 -1.318282 -0.443064
v 1.113618 0.865799 -1.380839
v 2.879860 -1.352871 -1.331602
vt 0.375000 0.000000
vt 0.625000 0.000000
vt 0.625000 0.250000
vt 0.375000 0.250000
vt 0.625000 0.500000
vt 0.375000 0.500000
vt 0.625000 0.750000
vt 0.375000 0.750000
vt 0.625000 1.000000
vt 0.375000 1.000000
vt 0.125000 0.500000
vt 0.125000 0.750000
vt 0.875000 0.500000
vt 0.875000 0.750000
vn 0.7822 0.6218 -0.0406
vn 0.0210 0.0389 0.9990
vn -0.7822 -0.6218 0.0406
vn -0.0210 -0.0389 -0.9990
vn 0.6227 -0.7822 0.0174
vn -0.6227 0.7822 -0.0174
g Cube.004_Cube.005_Cube.004_Cube.005_Material.003
usemtl Material.003
s 1
f 41/71/31 42/72/31 43/73/31 44/74/31
f 44/74/32 43/73/32 45/75/32 46/76/32
f 46/76/33 45/75/33 47/77/33 48/78/33
f 48/78/34 47/77/34 42/79/34 41/80/34
f 44/81/35 46/76/35 48/78/35 41/82/35
f 45/75/36 43/83/36 42/84/36 47/77/36
o Cube.006_Cube.007
v 1.581861 1.110158 0.304610
v 1.498727 1.101015 -2.204892
v -0.046722 1.063351 -2.153558
v 0.036413 1.072494 0.355945
v -0.040257 0.799110 -2.152809
v 0.042877 0.808253 0.356693
v 1.505191 0.836775 -2.204144
v 1.588326 0.845918 0.305359
vt 0.375000 0.000000
vt 0.625000 0.000000
vt 0.625000 0.250000
vt 0.375000 0.250000
vt 0.625000 0.500000
vt 0.375000 0.500000
vt 0.625000 0.750000
vt 0.375000 0.750000
vt 0.625000 1.000000
vt 0.375000 1.000000
vt 0.125000 0.500000
vt 0.125000 0.750000
vt 0.875000 0.500000
vt 0.875000 0.750000
vn -0.0245 0.9997 -0.0028
vn -0.9992 -0.0243 0.0332
vn 0.0245 -0.9997 0.0028
vn 0.9992 0.0243 -0.0332
vn 0.0331 0.0036 0.9994
vn -0.0331 -0.0036 -0.9994
g Cube.006_Cube.007_Cube.006_Cube.007_Material.003
usemtl Material.003
s 1
f 49/85/37 50/86/37 51/87/37 52/88/37
f 52/88/38 51/87/38 53/89/38 54/90/38
f 54/90/39 53/89/39 55/91/39 56/92/39
f 56/92/40 55/91/40 50/93/40 49/94/40
f 52/95/41 54/90/41 56/92/41 49/96/41
f 53/89/42 51/97/42 50/98/42 55/91/42
o Cube.007_Cube.008
v -4.130297 3.411705 -1.979078
v -0.452705 3.533807 -2.035279
v -0.496946 4.864693 -2.038820
v -4.174538 4.742590 -1.982619
v -0.500126 4.864029 -2.248305
v -4.177718 4.741928 -2.192105
v -0.455884 3.533144 -2.244765
v -4.133476 3.411042 -2.188565
vt 0.375000 0.000000
vt 0.625000 0.000000
vt 0.625000 0.250000
vt 0.375000 0.250000
vt 0.625000 0.500000
vt 0.375000 0.500000
vt 0.625000 0.750000
vt 0.375000 0.750000
vt 0.625000 1.000000
vt 0.375000 1.000000
vt 0.125000 0.500000
vt 0.125000 0.750000
vt 0.875000 0.500000
vt 0.875000 0.750000
vn 0.0152 0.0032 0.9999
vn -0.0332 0.9994 -0.0027
vn -0.0152 -0.0032 -0.9999
vn 0.0332 -0.9994 0.0027
vn -0.9993 -0.0332 0.0153
vn 0.9993 0.0332 -0.0153
g Cube.007_Cube.008_Cube.007_Cube.008_Material.003
usemtl Material.003
s 1
f 57/99/43 58/100/43 59/101/43 60/102/43
f 60/102/44 59/101/44 61/103/44 62/104/44
f 62/104/45 61/103/45 63/105/45 64/106/45
f 64/106/46 63/105/46 58/107/46 57/108/46
f 60/109/47 62/104/47 64/106/47 57/110/47
f 61/103/48 59/111/48 58/112/48 63/105/48
o Cube.008_Cube.009
v -4.130297 3.411705 0.395906
v -0.452705 3.533807 0.339706
v -0.496946 4.864692 0.336165
v -4.174538 4.742590 0.392365
v -0.500126 4.864029 0.126679
v -4.177718 4.741927 0.182879
v -0.455884 3.533144 0.130221
v -4.133476 3.411042 0.186421
vt 0.375000 0.000000
vt 0.625000 0.000000
vt 0.625000 0.250000
vt 0.375000 0.250000
vt 0.625000 0.500000
vt 0.375000 0.500000
vt 0.625000 0.750000
vt 0.375000 0.750000
vt 0.625000 1.000000
vt 0.375000 1.000000
vt 0.125000 0.500000
vt 0.125000 0.750000
vt 0.875000 0.500000
vt 0.875000 0.750000
vn 0.0152 0.0032 0.9999
vn -0.0332 0.9994 -0.0027
vn -0.0152 -0.0032 -0.9999
vn 0.0332 -0.9994 0.0027
vn -0.9993 -0.0332 0.0153
vn 0.9993 0.0332 -0.0153
g Cube.008_Cube.009_Cube.008_Cube.009_Material.003
usemtl Material.003
s 1
f 65/113/49 66/114/49 67/115/49 68/116/49
f 68/116/50 67/115/50 69/117/50 70/118/50
f 70/118/51 69/117/51 71/119/51 72/120/51
f 72/120/52 71/119/52 66/121/52 65/122/52
f 68/123/53 70/118/53 72/120/53 65/124/53
f 69/117/54 67/125/54 66/126/54 71/119/54
o Cube.009_Cube.010
v -0.714410 4.697736 0.322546
v -0.764152 4.695700 -2.187040
v -1.760769 3.563919 -2.166368
v -1.711027 3.565956 0.343218
v -1.531766 3.362184 -2.170743
v -1.482024 3.364221 0.338843
v -0.535148 4.493966 -2.191415
v -0.485407 4.496002 0.318171
vt 0.375000 0.000000
vt 0.625000 0.000000
vt 0.625000 0.250000
vt 0.375000 0.250000
vt 0.625000 0.500000
vt 0.375000 0.500000
vt 0.625000 0.750000
vt 0.375000 0.750000
vt 0.625000 1.000000
vt 0.375000 1.000000
vt 0.125000 0.500000
vt 0.125000 0.750000
vt 0.875000 0.500000
vt 0.875000 0.750000
vn -0.7503 0.6610 0.0143
vn -0.6608 -0.7504 0.0137
vn 0.7503 -0.6610 -0.0143
vn 0.6608 0.7504 -0.0137
vn 0.0198 0.0008 0.9998
vn -0.0198 -0.0008 -0.9998
g Cube.009_Cube.010_Cube.009_Cube.010_Material.003
usemtl Material.003
s 1
f 73/127/55 74/128/55 75/129/55 76/130/55
f 76/130/56 75/129/56 77/131/56 78/132/56
f 78/132/57 77/131/57 79/133/57 80/134/57
f 80/134/58 79/133/58 74/135/58 73/136/58
f 76/137/59 78/132/59 80/134/59 73/138/59
f 77/131/60 75/139/60 74/140/60 79/133/60
o Cube.010_Cube.011
v -3.932585 4.697771 -2.174208
v -3.905406 4.695733 0.335408
v -2.908594 3.563896 0.323694
v -2.935772 3.565933 -2.185923
v -3.137640 3.362151 0.326011
v -3.164818 3.364187 -2.183605
v -4.134452 4.493987 0.337725
v -4.161631 4.496025 -2.171891
vt 0.375000 0.000000
vt 0.625000 0.000000
vt 0.625000 0.250000
vt 0.375000 0.250000
vt 0.625000 0.500000
vt 0.375000 0.500000
vt 0.625000 0.750000
vt 0.375000 0.750000
vt 0.625000 1.000000
vt 0.375000 1.000000
vt 0.125000 0.500000
vt 0.125000 0.750000
vt 0.875000 0.500000
vt 0.875000 0.750000
vn 0.7504 0.6610 -0.0076
vn 0.6609 -0.7504 -0.0078
vn -0.7504 -0.6610 0.0076
vn -0.6609 0.7504 0.0078
vn -0.0108 0.0008 -0.9999
vn 0.0108 -0.0008 0.9999
g Cube.010_Cube.011_Cube.010_Cube.011_Material.003
usemtl Material.003
s 1
f 81/141/61 82/142/61 83/143/61 84/144/61
f 84/144/62 83/143/62 85/145/62 86/146/62
f 86/146/63 85/145/63 87/147/63 88/148/63
f 88/148/64 87/147/64 82/149/64 81/150/64
f 84/151/65 86/146/65 88/148/65 81/152/65
f 85/145/66 83/153/66 82/154/66 87/147/66
o Cube.011_Cube.012
v -8.452583 5.090438 3.015389
v 3.854396 4.933713 2.888664
v 3.825164 4.951986 0.027198
v -8.481815 5.108711 0.153922
v 3.822161 4.717390 0.025730
v -8.484818 4.874115 0.152455
v 3.851393 4.699118 2.887197
v -8.455586 4.855843 3.013921
vt 0.375000 0.000000
vt 0.625000 0.000000
vt 0.625000 0.250000
vt 0.375000 0.250000
vt 0.625000 0.500000
vt 0.375000 0.500000
vt 0.625000 0.750000
vt 0.375000 0.750000
vt 0.625000 1.000000
vt 0.375000 1.000000
vt 0.125000 0.500000
vt 0.125000 0.750000
vt 0.875000 0.500000
vt 0.875000 0.750000
vn 0.0128 0.9999 0.0063
vn -0.0102 0.0064 -0.9999
vn -0.0128 -0.9999 -0.0063
vn 0.0102 -0.0064 0.9999
vn -0.9999 0.0127 0.0103
vn 0.9999 -0.0127 -0.0103
g Cube.011_Cube.012_Cube.011_Cube.012_Material.002
usemtl Material.002
s 1
f 89/155/67 90/156/67 91/157/67 92/158/67
f 92/158/68 91/157/68 93/159/68 94/160/68
f 94/160/69 93/159/69 95/161/69 96/162/69
f 96/162/70 95/161/70 90/163/70 89/164/70
f 92/165/71 94/160/71 96/162/71 89/166/71
f 93/159/72 91/167/72 90/168/72 95/161/72
o Cube.012_Cube.013
v 0.395605 0.968184 -1.337283
v -1.995627 3.971938 -1.403941
v -1.976928 4.006562 -0.514488
v 0.414304 1.002809 -0.447830
v -2.273297 3.770970 -0.499086
v 0.117935 0.767217 -0.432428
v -2.291996 3.736345 -1.388539
v 0.099236 0.732592 -1.321881
vt 0.375000 0.000000
vt 0.625000 0.000000
vt 0.625000 0.250000
vt 0.375000 0.250000
vt 0.625000 0.500000
vt 0.375000 0.500000
vt 0.625000 0.750000
vt 0.375000 0.750000
vt 0.625000 1.000000
vt 0.375000 1.000000
vt 0.125000 0.500000
vt 0.125000 0.750000
vt 0.875000 0.500000
vt 0.875000 0.750000
vn 0.7822 0.6218 -0.0406
vn 0.0210 0.0389 0.9990
vn -0.7822 -0.6218 0.0406
vn -0.0210 -0.0389 -0.9990
vn 0.6227 -0.7822 0.0174
vn -0.6227 0.7822 -0.0174
g Cube.012_Cube.013_Cube.012_Cube.013_Material.003
usemtl Material.003
s 1
f 97/169/73 98/170/73 99/171/73 100/172/73
f 100/172/74 99/171/74 101/173/74 102/174/74
f 102/174/75 101/173/75 103/175/75 104/176/75
f 104/176/76 103/175/76 98/177/76 97/178/76
f 100/179/77 102/174/77 104/176/77 97/180/77
f 101/173/78 99/181/78 98/182/78 103/175/78
o Cube.013_Cube.014
v -1.404355 3.810086 0.304611
v -1.487489 3.800942 -2.204891
v -3.032937 3.763278 -2.153557
v -2.949803 3.772421 0.355946
v -3.026473 3.499038 -2.152808
v -2.943338 3.508181 0.356694
v -1.481024 3.536702 -2.204144
v -1.397890 3.545845 0.305360
vt 0.375000 0.000000
vt 0.625000 0.000000
vt 0.625000 0.250000
vt 0.375000 0.250000
vt 0.625000 0.500000
vt 0.375000 0.500000
vt 0.625000 0.750000
vt 0.375000 0.750000
vt 0.625000 1.000000
vt 0.375000 1.000000
vt 0.125000 0.500000
vt 0.125000 0.750000
vt 0.875000 0.500000
vt 0.875000 0.750000
vn -0.0245 0.9997 -0.0028
vn -0.9992 -0.0244 0.0332
vn 0.0245 -0.9997 0.0028
vn 0.9992 0.0244 -0.0332
vn 0.0331 0.0036 0.9994
vn -0.0331 -0.0036 -0.9994
g Cube.013_Cube.014_Cube.013_Cube.014_None
usemtl None
s 1
f 105/183/79 106/184/79 107/185/79 108/186/79
f 108/186/80 107/185/80 109/187/80 110/188/80
f 110/188/81 109/187/81 111/189/81 112/190/81
f 112/190/82 111/189/82 106/191/82 105/192/82
f 108/193/83 110/188/83 112/190/83 105/194/83
f 109/187/84 107/195/84 106/196/84 111/189/84
o Cube.014_Cube.015
v -8.448929 8.460179 1.363824
v 3.857760 8.333199 1.520343
v 3.820887 4.723752 1.491316
v -8.485802 4.850734 1.334797
v 3.818507 4.722281 1.677295
v -8.488182 4.849263 1.520776
v 3.855380 8.331728 1.706322
v -8.451309 8.458708 1.549803
vt 0.375000 0.000000
vt 0.625000 0.000000
vt 0.625000 0.250000
vt 0.375000 0.250000
vt 0.625000 0.500000
vt 0.375000 0.500000
vt 0.625000 0.750000
vt 0.375000 0.750000
vt 0.625000 1.000000
vt 0.375000 1.000000
vt 0.125000 0.500000
vt 0.125000 0.750000
vt 0.875000 0.500000
vt 0.875000 0.750000
vn 0.0128 0.0079 -0.9999
vn -0.0102 -0.9999 -0.0080
vn -0.0128 -0.0079 0.9999
vn 0.0102 0.9999 0.0080
vn -0.9999 0.0103 -0.0127
vn 0.9999 -0.0103 0.0127
g Cube.014_Cube.015_Cube.014_Cube.015_Material.001
usemtl Material.001
s 1
f 113/197/85 114/198/85 115/199/85 116/200/85
f 116/200/86 115/199/86 117/201/86 118/202/86
f 118/202/87 117/201/87 119/203/87 120/204/87
f 120/204/88 119/203/88 114/205/88 113/206/88
f 116/207/89 118/202/89 120/204/89 113/208/89
f 117/201/90 115/209/90 114/210/90 119/203/90
o Cube.015_Cube.016
v -8.483765 6.607036 0.254235
v 3.823322 6.766469 0.135905
v -8.456817 6.650564 2.985551
v 3.850270 6.809997 2.867221
v -8.453744 6.415993 2.989089
v 3.853342 6.575426 2.870759
v 3.826394 6.531898 0.139444
v -8.480692 6.372465 0.257774
vt 0.625000 0.500000
vt 0.875000 0.500000
vt 0.875000 0.750000
vt 0.625000 0.750000
vt 0.125000 0.500000
vt 0.375000 0.500000
vt 0.375000 0.750000
vt 0.125000 0.750000
vt 0.625000 1.000000
vt 0.375000 1.000000
vt 0.375000 0.250000
vt 0.625000 0.250000
vt 0.375000 0.000000
vt 0.625000 0.000000
vn 0.9999 0.0129 -0.0101
vn -0.9999 -0.0129 0.0101
vn -0.0094 -0.0152 -0.9998
vn -0.0131 0.9998 -0.0158
vn 0.0094 0.0152 0.9998
vn 0.0131 -0.9998 0.0158
g Cube.015_Cube.016_Cube.015_Cube.016_Material.001
usemtl Material.001
s 1
f 124/211/91 126/212/91 127/213/91 122/214/91
f 125/215/92 123/216/92 121/217/92 128/218/92
f 121/217/93 122/214/93 127/219/93 128/220/93
f 123/216/94 124/211/94 122/214/94 121/217/94
f 125/221/95 126/222/95 124/211/95 123/216/95
f 128/223/96 127/224/96 126/222/96 125/221/96
o Cube.016_Cube.018
v -8.450739 8.460181 2.897027
v 3.855103 8.333204 2.704412
v 3.817421 4.723752 2.676443
v -8.488421 4.850729 2.869057
v 3.820317 4.722281 2.862421
v -8.485525 4.849257 3.055035
v 3.857999 8.331733 2.890390
v -8.447844 8.458709 3.083004
vt 0.375000 0.000000
vt 0.625000 0.000000
vt 0.625000 0.250000
vt 0.375000 0.250000
vt 0.625000 0.500000
vt 0.375000 0.500000
vt 0.625000 0.750000
vt 0.375000 0.750000
vt 0.625000 1.000000
vt 0.375000 1.000000
vt 0.125000 0.500000
vt 0.125000 0.750000
vt 0.875000 0.500000
vt 0.875000 0.750000
vn -0.0156 0.0079 -0.9998
vn -0.0104 -0.9999 -0.0077
vn 0.0156 -0.0079 0.9998
vn 0.0104 0.9999 0.0077
vn -0.9998 0.0103 0.0156
vn 0.9998 -0.0103 -0.0157
g Cube.016_Cube.018_Cube.016_Cube.018_Material.002
usemtl Material.002
s 1
f 129/225/97 130/226/97 131/227/97 132/228/97
f 132/228/98 131/227/98 133/229/98 134/230/98
f 134/230/99 133/229/99 135/231/99 136/232/99
f 136/232/100 135/231/100 130/233/100 129/234/100
f 132/235/101 134/230/101 136/232/101 129/236/101
f 133/229/102 131/237/102 130/238/102 135/231/102
o Cube.017_Cube.019
v -8.448929 8.460179 -0.010982
v 3.857760 8.333199 0.145537
v 3.820887 4.723753 0.116511
v -8.485802 4.850734 -0.040008
v 3.818507 4.722282 0.302489
v -8.488182 4.849263 0.145970
v 3.855380 8.331728 0.331516
v -8.451309 8.458708 0.174997
vt 0.375000 0.000000
vt 0.625000 0.000000
vt 0.625000 0.250000
vt 0.375000 0.250000
vt 0.625000 0.500000
vt 0.375000 0.500000
vt 0.625000 0.750000
vt 0.375000 0.750000
vt 0.625000 1.000000
vt 0.375000 1.000000
vt 0.125000 0.500000
vt 0.125000 0.750000
vt 0.875000 0.500000
vt 0.875000 0.750000
vn 0.0128 0.0079 -0.9999
vn -0.0102 -0.9999 -0.0080
vn -0.0128 -0.0079 0.9999
vn 0.0102 0.9999 0.0080
vn -0.9999 0.0103 -0.0127
vn 0.9999 -0.0103 0.0127
g Cube.017_Cube.019_Cube.017_Cube.019_Material.002
usemtl Material.002
s 1
f 137/239/103 138/240/103 139/241/103 140/242/103
f 140/242/104 139/241/104 141/243/104 142/244/104
f 142/244/105 141/243/105 143/245/105 144/246/105
f 144/246/106 143/245/106 138/247/106 137/248/106
f 140/249/107 142/244/107 144/246/107 137/250/107
f 141/243/108 139/251/108 138/252/108 143/245/108
o Cube.018_Cube.020
v -8.452583 8.504257 3.015389
v 3.854396 8.347533 2.888664
v 3.825164 8.365806 0.027198
v -8.481815 8.522531 0.153922
v 3.822161 8.131209 0.025730
v -8.484818 8.287934 0.152455
v 3.851393 8.112937 2.887197
v -8.455586 8.269661 3.013921
vt 0.375000 0.000000
vt 0.625000 0.000000
vt 0.625000 0.250000
vt 0.375000 0.250000
vt 0.625000 0.500000
vt 0.375000 0.500000
vt 0.625000 0.750000
vt 0.375000 0.750000
vt 0.625000 1.000000
vt 0.375000 1.000000
vt 0.125000 0.500000
vt 0.125000 0.750000
vt 0.875000 0.500000
vt 0.875000 0.750000
vn 0.0128 0.9999 0.0063
vn -0.0102 0.0064 -0.9999
vn -0.0128 -0.9999 -0.0063
vn 0.0102 -0.0064 0.9999
vn -0.9999 0.0127 0.0103
vn 0.9999 -0.0127 -0.0103
g Cube.018_Cube.020_Cube.018_Cube.020_Material.002
usemtl Material.002
s 1
f 145/253/109 146/254/109 147/255/109 148/256/109
f 148/256/110 147/255/110 149/257/110 150/258/110
f 150/258/111 149/257/111 151/259/111 152/260/111
f 152/260/112 151/259/112 146/261/112 145/262/112
f 148/263/113 150/258/113 152/260/113 145/264/113
f 149/257/114 147/265/114 146/266/114 151/259/114
o Cube.024_Cube.026
v -8.452583 5.090439 -1.842533
v 3.854396 4.933714 -1.969257
v 3.825164 4.951987 -4.830724
v -8.481815 5.108712 -4.703999
v 3.822161 4.717391 -4.832191
v -8.484818 4.874116 -4.705466
v 3.851393 4.699119 -1.970725
v -8.455586 4.855844 -1.844000
vt 0.375000 0.000000
vt 0.625000 0.000000
vt 0.625000 0.250000
vt 0.375000 0.250000
vt 0.625000 0.500000
vt 0.375000 0.500000
vt 0.625000 0.750000
vt 0.375000 0.750000
vt 0.625000 1.000000
vt 0.375000 1.000000
vt 0.125000 0.500000
vt 0.125000 0.750000
vt 0.875000 0.500000
vt 0.875000 0.750000
vn 0.0128 0.9999 0.0063
vn -0.0102 0.0064 -0.9999
vn -0.0128 -0.9999 -0.0063
vn 0.0102 -0.0064 0.9999
vn -0.9999 0.0127 0.0103
vn 0.9999 -0.0127 -0.0103
g Cube.024_Cube.026_Cube.024_Cube.026_Material.002
usemtl Material.002
s 1
f 153/267/115 154/268/115 155/269/115 156/270/115
f 156/270/116 155/269/116 157/271/116 158/272/116
f 158/272/117 157/271/117 159/273/117 160/274/117
f 160/274/118 159/273/118 154/275/118 153/276/118
f 156/277/119 158/272/119 160/274/119 153/278/119
f 157/271/120 155/279/120 154/280/120 159/273/120
o Cube.023_Cube.025
v -8.448929 8.460180 -3.494097
v 3.857760 8.333200 -3.337578
v 3.820887 4.723753 -3.366605
v -8.485802 4.850735 -3.523124
v 3.818507 4.722282 -3.180626
v -8.488182 4.849264 -3.337145
v 3.855380 8.331729 -3.151600
v -8.451309 8.458709 -3.308119
vt 0.375000 0.000000
vt 0.625000 0.000000
vt 0.625000 0.250000
vt 0.375000 0.250000
vt 0.625000 0.500000
vt 0.375000 0.500000
vt 0.625000 0.750000
vt 0.375000 0.750000
vt 0.625000 1.000000
vt 0.375000 1.000000
vt 0.125000 0.500000
vt 0.125000 0.750000
vt 0.875000 0.500000
vt 0.875000 0.750000
vn 0.0128 0.0079 -0.9999
vn -0.0102 -0.9999 -0.0080
vn -0.0128 -0.0079 0.9999
vn 0.0102 0.9999 0.0080
vn -0.9999 0.0103 -0.0127
vn 0.9999 -0.0103 0.0127
g Cube.023_Cube.025_Cube.023_Cube.025_Material.001
usemtl Material.001
s 1
f 161/281/121 162/282/121 163/283/121 164/284/121
f 164/284/122 163/283/122 165/285/122 166/286/122
f 166/286/123 165/285/123 167/287/123 168/288/123
f 168/288/124 167/287/124 162/289/124 161/290/124
f 164/291/125 166/286/125 168/288/125 161/292/125
f 165/285/126 163/293/126 162/294/126 167/287/126
o Cube.022_Cube.024
v -8.480692 6.372466 -4.572314
v 3.826394 6.531899 -4.690644
v 3.853342 6.575427 -2.003024
v -8.453744 6.415994 -1.884694
v 3.850270 6.809998 -2.006562
v -8.456817 6.650565 -1.888233
v 3.823322 6.766470 -4.694183
v -8.483765 6.607037 -4.575853
vt 0.375000 0.000000
vt 0.625000 0.000000
vt 0.625000 0.250000
vt 0.375000 0.250000
vt 0.625000 0.500000
vt 0.375000 0.500000
vt 0.625000 0.750000
vt 0.375000 0.750000
vt 0.625000 1.000000
vt 0.375000 1.000000
vt 0.125000 0.500000
vt 0.125000 0.750000
vt 0.875000 0.500000
vt 0.875000 0.750000
vn 0.0131 -0.9998 0.0161
vn 0.0094 0.0152 0.9998
vn -0.0131 0.9998 -0.0161
vn -0.0094 -0.0152 -0.9998
vn -0.9999 -0.0129 0.0102
vn 0.9999 0.0129 -0.0102
g Cube.022_Cube.024_Cube.022_Cube.024_Material.001
usemtl Material.001
s 1
f 169/295/127 170/296/127 171/297/127 172/298/127
f 172/298/128 171/297/128 173/299/128 174/300/128
f 174/300/129 173/299/129 175/301/129 176/302/129
f 176/302/130 175/301/130 170/303/130 169/304/130
f 172/305/131 174/300/131 176/302/131 169/306/131
f 173/299/132 171/307/132 170/308/132 175/301/132
o Cube.021_Cube.023
v -8.450739 8.460181 -1.960895
v 3.855103 8.333204 -2.153509
v 3.817421 4.723752 -2.181478
v -8.488421 4.850729 -1.988864
v 3.820317 4.722281 -1.995500
v -8.485525 4.849257 -1.802886
v 3.857999 8.331733 -1.967531
v -8.447844 8.458710 -1.774917
vt 0.375000 0.000000
vt 0.625000 0.000000
vt 0.625000 0.250000
vt 0.375000 0.250000
vt 0.625000 0.500000
vt 0.375000 0.500000
vt 0.625000 0.750000
vt 0.375000 0.750000
vt 0.625000 1.000000
vt 0.375000 1.000000
vt 0.125000 0.500000
vt 0.125000 0.750000
vt 0.875000 0.500000
vt 0.875000 0.750000
vn -0.0156 0.0079 -0.9998
vn -0.0104 -0.9999 -0.0077
vn 0.0156 -0.0079 0.9998
vn 0.0104 0.9999 0.0077
vn -0.9998 0.0103 0.0156
vn 0.9998 -0.0103 -0.0157
g Cube.021_Cube.023_Cube.021_Cube.023_Material.002
usemtl Material.002
s 1
f 177/309/133 178/310/133 179/311/133 180/312/133
f 180/312/134 179/311/134 181/313/134 182/314/134
f 182/314/135 181/313/135 183/315/135 184/316/135
f 184/316/136 183/315/136 178/317/136 177/318/136
f 180/319/137 182/314/137 184/316/137 177/320/137
f 181/313/138 179/321/138 178/322/138 183/315/138
o Cube.020_Cube.022
v -8.448929 8.460180 -4.868903
v 3.857760 8.333200 -4.712384
v 3.820887 4.723754 -4.741411
v -8.485802 4.850735 -4.897930
v 3.818507 4.722283 -4.555432
v -8.488182 4.849264 -4.711951
v 3.855380 8.331729 -4.526404
v -8.451309 8.458709 -4.682924
vt 0.375000 0.000000
vt 0.625000 0.000000
vt 0.625000 0.250000
vt 0.375000 0.250000
vt 0.625000 0.500000
vt 0.375000 0.500000
vt 0.625000 0.750000
vt 0.375000 0.750000
vt 0.625000 1.000000
vt 0.375000 1.000000
vt 0.125000 0.500000
vt 0.125000 0.750000
vt 0.875000 0.500000
vt 0.875000 0.750000
vn 0.0128 0.0079 -0.9999
vn -0.0102 -0.9999 -0.0080
vn -0.0128 -0.0079 0.9999
vn 0.0102 0.9999 0.0080
vn -0.9999 0.0103 -0.0127
vn 0.9999 -0.0103 0.0127
g Cube.020_Cube.022_Cube.020_Cube.022_Material.002
usemtl Material.002
s 1
f 185/323/139 186/324/139 187/325/139 188/326/139
f 188/326/140 187/325/140 189/327/140 190/328/140
f 190/328/141 189/327/141 191/329/141 192/330/141
f 192/330/142 191/329/142 186/331/142 185/332/142
f 188/333/143 190/328/143 192/330/143 185/334/143
f 189/327/144 187/335/144 186/336/144 191/329/144
o Cube.019_Cube.021
v -8.452583 8.504258 -1.842533
v 3.854396 8.347533 -1.969257
v 3.825164 8.365807 -4.830724
v -8.481815 8.522532 -4.703999
v 3.822161 8.131210 -4.832191
v -8.484818 8.287935 -4.705466
v 3.851393 8.112937 -1.970725
v -8.455586 8.269662 -1.844000
vt 0.375000 0.000000
vt 0.625000 0.000000
vt 0.625000 0.250000
vt 0.375000 0.250000
vt 0.625000 0.500000
vt 0.375000 0.500000
vt 0.625000 0.750000
vt 0.375000 0.750000
vt 0.625000 1.000000
vt 0.375000 1.000000
vt 0.125000 0.500000
vt 0.125000 0.750000
vt 0.875000 0.500000
vt 0.875000 0.750000
vn 0.0128 0.9999 0.0063
vn -0.0102 0.0064 -0.9999
vn -0.0128 -0.9999 -0.0063
vn 0.0102 -0.0064 0.9999
vn -0.9999 0.0127 0.0103
vn 0.9999 -0.0127 -0.0103
g Cube.019_Cube.021_Cube.019_Cube.021_Material.002
usemtl Material.002
s 1
f 193/337/145 194/338/145 195/339/145 196/340/145
f 196/340/146 195/339/146 197/341/146 198/342/146
f 198/342/147 197/341/147 199/343/147 200/344/147
f 200/344/148 199/343/148 194/345/148 193/346/148
f 196/347/149 198/342/149 200/344/149 193/348/149
f 197/341/150 195/349/150 194/350/150 199/343/150
